  1 44.53
  1 44.53
  1 44.53
  1 44.53
  1 44.53
  1 44.53
  1 44.53
  1 44.53
  2 51.28
  2 51.28
  2 51.28
  2 51.28
  2 51.28
  2 51.28
  2 51.28
  3 54.31
  3 54.31
  3 54.31
  3 54.31
  3 54.31
  3 54.31
  4 62.98
  4 62.98
  4 62.98
  4 62.98
  4 62.98
  4 62.98
  5 66.04
  5 66.04
  5 66.04
  5 66.04
  5 66.04
  5 66.04
  5 66.04
  5 66.04
  5 66.04
  5 66.04
  6 75.90
  6 75.90
  6 75.90
  6 75.90
  6 75.90
  6 75.90
  6 75.90
  6 75.90
  7 75.10
  7 75.10
  7 75.10
  7 75.10
  7 75.10
  8 84.36
  8 84.36
  8 84.36
  8 84.36
  8 84.36
  8 84.36
  8 84.36
  8 84.36
  8 84.36
  9 88.02
  9 88.02
  9 88.02
  9 88.02
  9 88.02
  9 88.02
  9 88.02
  9 88.02
  9 88.02
 10 92.72
 10 92.72
 10 92.72
 10 92.72
 10 92.72
 10 92.72
 10 92.72
 10 92.72
 10 92.72
 10 92.72
 11 95.66
 11 95.66
 11 95.66
 11 95.66
 11 95.66
 11 95.66
 11 95.66
 11 95.66
 12 95.29
 12 95.29
 12 95.29
 12 95.29
 12 95.29
 12 95.29
 12 95.29
 12 95.29
 12 95.29
 13 98.01
 13 98.01
 13 98.01
 13 98.01
 13 98.01
 13 98.01
 13 98.01
 13 98.01
 13 98.01
 14 98.74
 14 98.74
 14 98.74
 14 98.74
 14 98.74
 14 98.74
 14 98.74
 15 98.82
 15 98.82
 15 98.82
 15 98.82
 15 98.82
 16 98.91
 16 98.91
 16 98.91
 16 98.91
 16 98.91
 16 98.91
 16 98.91
 16 98.91
 17 98.91
 17 98.91
 17 98.91
 17 98.91
 17 98.91
 17 98.91
 17 98.91
 17 98.91
 17 98.91
 17 98.91
 17 98.91
 18 98.86
 18 98.86
 18 98.86
 18 98.86
 19 98.72
 19 98.72
 19 98.72
 19 98.72
 20 98.83
 20 98.83
 20 98.83
 20 98.83
 20 98.83
 20 98.83
 20 98.83
 21 98.75
 21 98.75
 21 98.75
 21 98.75
 21 98.75
 21 98.75
 21 98.75
 21 98.75
 21 98.75
 21 98.75
 22 98.64
 22 98.64
 22 98.64
 22 98.64
 23 98.60
 23 98.60
 23 98.60
 23 98.60
 23 98.60
 23 98.60
 23 98.60
 23 98.60
 24 98.71
 24 98.71
 24 98.71
 24 98.71
 24 98.71
 24 98.71
 24 98.71
 24 98.71
 24 98.71
 25 98.68
 25 98.68
 25 98.68
 25 98.68
 25 98.68
 25 98.68
 25 98.68
 25 98.68
 26 98.81
 26 98.81
 26 98.81
 26 98.81
 26 98.81
 26 98.81
 26 98.81
 27 98.83
 27 98.83
 27 98.83
 27 98.83
 28 98.85
 28 98.85
 28 98.85
 28 98.85
 28 98.85
 28 98.85
 28 98.85
 29 98.71
 29 98.71
 29 98.71
 29 98.71
 29 98.71
 29 98.71
 29 98.71
 29 98.71
 29 98.71
 29 98.71
 29 98.71
 30 98.88
 30 98.88
 30 98.88
 30 98.88
 30 98.88
 30 98.88
 30 98.88
 30 98.88
 31 98.86
 31 98.86
 31 98.86
 31 98.86
 31 98.86
 31 98.86
 31 98.86
 32 98.74
 32 98.74
 32 98.74
 32 98.74
 32 98.74
 32 98.74
 32 98.74
 32 98.74
 32 98.74
 33 98.60
 33 98.60
 33 98.60
 33 98.60
 33 98.60
 33 98.60
 33 98.60
 33 98.60
 33 98.60
 33 98.60
 34 98.70
 34 98.70
 34 98.70
 34 98.70
 34 98.70
 34 98.70
 34 98.70
 34 98.70
 34 98.70
 34 98.70
 34 98.70
 34 98.70
 34 98.70
 34 98.70
 35 98.45
 35 98.45
 35 98.45
 35 98.45
 35 98.45
 35 98.45
 35 98.45
 35 98.45
 36 98.22
 36 98.22
 36 98.22
 36 98.22
 36 98.22
 36 98.22
 36 98.22
 36 98.22
 36 98.22
 37 97.93
 37 97.93
 37 97.93
 37 97.93
 37 97.93
 37 97.93
 37 97.93
 37 97.93
 38 96.35
 38 96.35
 38 96.35
 38 96.35
 39 97.69
 39 97.69
 39 97.69
 39 97.69
 39 97.69
 40 97.86
 40 97.86
 40 97.86
 40 97.86
 40 97.86
 40 97.86
 40 97.86
 40 97.86
 40 97.86
 41 98.40
 41 98.40
 41 98.40
 41 98.40
 41 98.40
 41 98.40
 41 98.40
 41 98.40
 42 97.32
 42 97.32
 42 97.32
 42 97.32
 42 97.32
 42 97.32
 42 97.32
 42 97.32
 42 97.32
 43 96.82
 43 96.82
 43 96.82
 43 96.82
 43 96.82
 43 96.82
 43 96.82
 43 96.82
 43 96.82
 43 96.82
 43 96.82
 44 92.44
 44 92.44
 44 92.44
 44 92.44
 44 92.44
 44 92.44
 44 92.44
 45 89.15
 45 89.15
 45 89.15
 45 89.15
 46 95.35
 46 95.35
 46 95.35
 46 95.35
 46 95.35
 46 95.35
 46 95.35
 46 95.35
 47 97.42
 47 97.42
 47 97.42
 47 97.42
 47 97.42
 47 97.42
 47 97.42
 47 97.42
 47 97.42
 48 98.64
 48 98.64
 48 98.64
 48 98.64
 48 98.64
 48 98.64
 48 98.64
 49 98.47
 49 98.47
 49 98.47
 49 98.47
 49 98.47
 49 98.47
 49 98.47
 49 98.47
 49 98.47
 50 98.82
 50 98.82
 50 98.82
 50 98.82
 50 98.82
 50 98.82
 50 98.82
 51 98.87
 51 98.87
 51 98.87
 51 98.87
 51 98.87
 51 98.87
 51 98.87
 51 98.87
 51 98.87
 51 98.87
 51 98.87
 52 98.87
 52 98.87
 52 98.87
 52 98.87
 52 98.87
 52 98.87
 52 98.87
 52 98.87
 53 98.84
 53 98.84
 53 98.84
 53 98.84
 53 98.84
 53 98.84
 53 98.84
 54 98.80
 54 98.80
 54 98.80
 54 98.80
 54 98.80
 54 98.80
 54 98.80
 54 98.80
 55 98.77
 55 98.77
 55 98.77
 55 98.77
 55 98.77
 55 98.77
 55 98.77
 56 98.77
 56 98.77
 56 98.77
 56 98.77
 56 98.77
 56 98.77
 56 98.77
 56 98.77
 56 98.77
 56 98.77
 56 98.77
 57 98.83
 57 98.83
 57 98.83
 57 98.83
 57 98.83
 58 98.83
 58 98.83
 58 98.83
 58 98.83
 58 98.83
 58 98.83
 58 98.83
 59 98.71
 59 98.71
 59 98.71
 59 98.71
 59 98.71
 59 98.71
 59 98.71
 59 98.71
 59 98.71
 60 98.58
 60 98.58
 60 98.58
 60 98.58
 60 98.58
 60 98.58
 60 98.58
 60 98.58
 60 98.58
 61 98.29
 61 98.29
 61 98.29
 61 98.29
 61 98.29
 61 98.29
 62 98.55
 62 98.55
 62 98.55
 62 98.55
 62 98.55
 62 98.55
 62 98.55
 63 98.41
 63 98.41
 63 98.41
 63 98.41
 63 98.41
 63 98.41
 63 98.41
 63 98.41
 63 98.41
 63 98.41
 63 98.41
 64 98.60
 64 98.60
 64 98.60
 64 98.60
 64 98.60
 64 98.60
 64 98.60
 64 98.60
 64 98.60
 64 98.60
 64 98.60
 64 98.60
 65 98.65
 65 98.65
 65 98.65
 65 98.65
 65 98.65
 65 98.65
 65 98.65
 65 98.65
 66 98.03
 66 98.03
 66 98.03
 66 98.03
 66 98.03
 66 98.03
 66 98.03
 66 98.03
 67 97.42
 67 97.42
 67 97.42
 67 97.42
 67 97.42
 67 97.42
 68 97.88
 68 97.88
 68 97.88
 68 97.88
 68 97.88
 68 97.88
 68 97.88
 68 97.88
 69 98.63
 69 98.63
 69 98.63
 69 98.63
 69 98.63
 69 98.63
 69 98.63
 69 98.63
 70 97.78
 70 97.78
 70 97.78
 70 97.78
 70 97.78
 70 97.78
 70 97.78
 70 97.78
 71 96.83
 71 96.83
 71 96.83
 71 96.83
 71 96.83
 71 96.83
 71 96.83
 71 96.83
 71 96.83
 71 96.83
 71 96.83
 72 97.23
 72 97.23
 72 97.23
 72 97.23
 72 97.23
 72 97.23
 72 97.23
 72 97.23
 73 97.50
 73 97.50
 73 97.50
 73 97.50
 73 97.50
 73 97.50
 73 97.50
 73 97.50
 73 97.50
 73 97.50
 73 97.50
 74 95.58
 74 95.58
 74 95.58
 74 95.58
 74 95.58
 74 95.58
 74 95.58
 74 95.58
 75 93.84
 75 93.84
 75 93.84
 75 93.84
 75 93.84
 75 93.84
 75 93.84
 75 93.84
 76 94.99
 76 94.99
 76 94.99
 76 94.99
 76 94.99
 76 94.99
 76 94.99
 76 94.99
 76 94.99
 77 96.38
 77 96.38
 77 96.38
 77 96.38
 77 96.38
 77 96.38
 77 96.38
 77 96.38
 78 96.47
 78 96.47
 78 96.47
 78 96.47
 78 96.47
 78 96.47
 78 96.47
 78 96.47
 79 94.76
 79 94.76
 79 94.76
 79 94.76
 80 94.96
 80 94.96
 80 94.96
 80 94.96
 80 94.96
 80 94.96
 80 94.96
 80 94.96
 80 94.96
 81 93.82
 81 93.82
 81 93.82
 81 93.82
 81 93.82
 81 93.82
 81 93.82
 81 93.82
 81 93.82
 82 90.66
 82 90.66
 82 90.66
 82 90.66
 82 90.66
 82 90.66
 82 90.66
 82 90.66
 83 92.42
 83 92.42
 83 92.42
 83 92.42
 83 92.42
 83 92.42
 84 90.74
 84 90.74
 84 90.74
 84 90.74
 84 90.74
 84 90.74
 84 90.74
 84 90.74
 84 90.74
 85 94.31
 85 94.31
 85 94.31
 85 94.31
 85 94.31
 85 94.31
 85 94.31
 85 94.31
 86 96.61
 86 96.61
 86 96.61
 86 96.61
 86 96.61
 86 96.61
 86 96.61
 86 96.61
 87 97.61
 87 97.61
 87 97.61
 87 97.61
 87 97.61
 87 97.61
 87 97.61
 88 98.19
 88 98.19
 88 98.19
 88 98.19
 88 98.19
 88 98.19
 88 98.19
 88 98.19
 88 98.19
 88 98.19
 88 98.19
 88 98.19
 89 98.55
 89 98.55
 89 98.55
 89 98.55
 89 98.55
 89 98.55
 89 98.55
 89 98.55
 89 98.55
 90 98.39
 90 98.39
 90 98.39
 90 98.39
 90 98.39
 90 98.39
 90 98.39
 91 98.20
 91 98.20
 91 98.20
 91 98.20
 91 98.20
 91 98.20
 91 98.20
 91 98.20
 91 98.20
 91 98.20
 91 98.20
 92 98.21
 92 98.21
 92 98.21
 92 98.21
 92 98.21
 92 98.21
 92 98.21
 92 98.21
 92 98.21
 92 98.21
 92 98.21
 93 98.59
 93 98.59
 93 98.59
 93 98.59
 93 98.59
 94 97.87
 94 97.87
 94 97.87
 94 97.87
 94 97.87
 94 97.87
 94 97.87
 94 97.87
 94 97.87
 95 98.00
 95 98.00
 95 98.00
 95 98.00
 95 98.00
 95 98.00
 95 98.00
 95 98.00
 95 98.00
 96 98.68
 96 98.68
 96 98.68
 96 98.68
 96 98.68
 96 98.68
 96 98.68
 96 98.68
 97 98.18
 97 98.18
 97 98.18
 97 98.18
 97 98.18
 97 98.18
 97 98.18
 97 98.18
 98 97.04
 98 97.04
 98 97.04
 98 97.04
 98 97.04
 98 97.04
 98 97.04
 98 97.04
 98 97.04
 98 97.04
 99 97.95
 99 97.95
 99 97.95
 99 97.95
 99 97.95
 99 97.95
 99 97.95
 99 97.95
100 98.38
100 98.38
100 98.38
100 98.38
100 98.38
100 98.38
100 98.38
100 98.38
100 98.38
100 98.38
100 98.38
101 95.99
101 95.99
101 95.99
101 95.99
102 95.85
102 95.85
102 95.85
102 95.85
102 95.85
102 95.85
102 95.85
103 95.21
103 95.21
103 95.21
103 95.21
103 95.21
103 95.21
103 95.21
103 95.21
103 95.21
104 91.55
104 91.55
104 91.55
104 91.55
104 91.55
104 91.55
104 91.55
104 91.55
105 93.95
105 93.95
105 93.95
105 93.95
105 93.95
105 93.95
106 91.45
106 91.45
106 91.45
106 91.45
106 91.45
106 91.45
106 91.45
106 91.45
106 91.45
107 93.78
107 93.78
107 93.78
107 93.78
107 93.78
107 93.78
107 93.78
107 93.78
108 96.75
108 96.75
108 96.75
108 96.75
108 96.75
108 96.75
109 98.00
109 98.00
109 98.00
109 98.00
109 98.00
109 98.00
109 98.00
109 98.00
109 98.00
109 98.00
109 98.00
109 98.00
110 97.99
110 97.99
110 97.99
110 97.99
110 97.99
110 97.99
110 97.99
110 97.99
111 98.56
111 98.56
111 98.56
111 98.56
111 98.56
111 98.56
111 98.56
111 98.56
112 98.82
112 98.82
112 98.82
112 98.82
112 98.82
112 98.82
112 98.82
112 98.82
113 98.92
113 98.92
113 98.92
113 98.92
113 98.92
113 98.92
113 98.92
113 98.92
113 98.92
113 98.92
113 98.92
114 98.91
114 98.91
114 98.91
114 98.91
114 98.91
114 98.91
114 98.91
114 98.91
115 98.92
115 98.92
115 98.92
115 98.92
115 98.92
115 98.92
115 98.92
115 98.92
116 98.82
116 98.82
116 98.82
116 98.82
116 98.82
116 98.82
116 98.82
116 98.82
116 98.82
116 98.82
117 98.21
117 98.21
117 98.21
117 98.21
117 98.21
117 98.21
117 98.21
117 98.21
118 98.70
118 98.70
118 98.70
118 98.70
118 98.70
118 98.70
118 98.70
119 98.60
119 98.60
119 98.60
119 98.60
119 98.60
119 98.60
119 98.60
120 98.64
120 98.64
120 98.64
120 98.64
120 98.64
120 98.64
121 98.54
121 98.54
121 98.54
121 98.54
121 98.54
121 98.54
121 98.54
121 98.54
122 98.67
122 98.67
122 98.67
122 98.67
122 98.67
122 98.67
122 98.67
122 98.67
123 98.39
123 98.39
123 98.39
123 98.39
124 98.86
124 98.86
124 98.86
124 98.86
124 98.86
124 98.86
125 98.93
125 98.93
125 98.93
125 98.93
125 98.93
125 98.93
125 98.93
126 98.91
126 98.91
126 98.91
126 98.91
126 98.91
126 98.91
126 98.91
126 98.91
127 98.74
127 98.74
127 98.74
127 98.74
127 98.74
127 98.74
127 98.74
127 98.74
128 98.43
128 98.43
128 98.43
128 98.43
128 98.43
128 98.43
128 98.43
128 98.43
129 95.89
129 95.89
129 95.89
129 95.89
129 95.89
129 95.89
129 95.89
129 95.89
129 95.89
130 95.42
130 95.42
130 95.42
130 95.42
130 95.42
130 95.42
130 95.42
130 95.42
131 96.68
131 96.68
131 96.68
131 96.68
131 96.68
131 96.68
132 95.27
132 95.27
132 95.27
132 95.27
132 95.27
132 95.27
132 95.27
132 95.27
132 95.27
132 95.27
132 95.27
133 95.66
133 95.66
133 95.66
133 95.66
133 95.66
133 95.66
133 95.66
133 95.66
134 96.19
134 96.19
134 96.19
134 96.19
134 96.19
134 96.19
134 96.19
134 96.19
135 97.64
135 97.64
135 97.64
135 97.64
135 97.64
135 97.64
135 97.64
135 97.64
135 97.64
135 97.64
135 97.64
136 98.48
136 98.48
136 98.48
136 98.48
136 98.48
136 98.48
136 98.48
136 98.48
137 98.72
137 98.72
137 98.72
137 98.72
137 98.72
137 98.72
137 98.72
137 98.72
138 98.48
138 98.48
138 98.48
138 98.48
138 98.48
138 98.48
138 98.48
138 98.48
138 98.48
139 98.77
139 98.77
139 98.77
139 98.77
139 98.77
139 98.77
139 98.77
139 98.77
140 98.82
140 98.82
140 98.82
140 98.82
140 98.82
140 98.82
140 98.82
140 98.82
140 98.82
140 98.82
140 98.82
141 98.72
141 98.72
141 98.72
141 98.72
141 98.72
141 98.72
141 98.72
141 98.72
141 98.72
141 98.72
142 98.76
142 98.76
142 98.76
142 98.76
142 98.76
142 98.76
142 98.76
142 98.76
142 98.76
142 98.76
142 98.76
142 98.76
143 98.83
143 98.83
143 98.83
143 98.83
143 98.83
143 98.83
143 98.83
143 98.83
144 98.52
144 98.52
144 98.52
144 98.52
144 98.52
144 98.52
144 98.52
144 98.52
144 98.52
145 98.27
145 98.27
145 98.27
145 98.27
145 98.27
145 98.27
145 98.27
146 98.61
146 98.61
146 98.61
146 98.61
146 98.61
146 98.61
147 98.02
147 98.02
147 98.02
147 98.02
147 98.02
147 98.02
147 98.02
147 98.02
148 97.45
148 97.45
148 97.45
148 97.45
148 97.45
149 96.54
149 96.54
149 96.54
149 96.54
149 96.54
149 96.54
149 96.54
150 96.76
150 96.76
150 96.76
150 96.76
150 96.76
150 96.76
150 96.76
150 96.76
151 95.79
151 95.79
151 95.79
151 95.79
151 95.79
151 95.79
151 95.79
152 98.70
152 98.70
152 98.70
152 98.70
152 98.70
152 98.70
153 98.79
153 98.79
153 98.79
153 98.79
153 98.79
153 98.79
153 98.79
153 98.79
153 98.79
153 98.79
153 98.79
153 98.79
154 98.87
154 98.87
154 98.87
154 98.87
154 98.87
154 98.87
154 98.87
155 98.80
155 98.80
155 98.80
155 98.80
155 98.80
155 98.80
155 98.80
155 98.80
155 98.80
155 98.80
155 98.80
155 98.80
156 98.56
156 98.56
156 98.56
156 98.56
156 98.56
156 98.56
156 98.56
156 98.56
157 97.43
157 97.43
157 97.43
157 97.43
157 97.43
157 97.43
157 97.43
157 97.43
158 95.45
158 95.45
158 95.45
158 95.45
158 95.45
158 95.45
158 95.45
158 95.45
158 95.45
159 95.21
159 95.21
159 95.21
159 95.21
159 95.21
159 95.21
159 95.21
159 95.21
159 95.21
159 95.21
160 90.29
160 90.29
160 90.29
160 90.29
160 90.29
160 90.29
160 90.29
161 87.65
161 87.65
161 87.65
161 87.65
161 87.65
161 87.65
162 85.33
162 85.33
162 85.33
162 85.33
162 85.33
162 85.33
162 85.33
162 85.33
163 85.66
163 85.66
163 85.66
163 85.66
163 85.66
163 85.66
163 85.66
163 85.66
163 85.66
164 83.81
164 83.81
164 83.81
164 83.81
164 83.81
164 83.81
164 83.81
164 83.81
164 83.81
164 83.81
164 83.81
164 83.81
165 92.66
165 92.66
165 92.66
165 92.66
165 92.66
166 97.03
166 97.03
166 97.03
166 97.03
166 97.03
166 97.03
166 97.03
167 97.74
167 97.74
167 97.74
167 97.74
167 97.74
167 97.74
167 97.74
168 97.54
168 97.54
168 97.54
168 97.54
168 97.54
168 97.54
168 97.54
168 97.54
168 97.54
168 97.54
168 97.54
169 96.75
169 96.75
169 96.75
169 96.75
169 96.75
169 96.75
170 96.87
170 96.87
170 96.87
170 96.87
170 96.87
170 96.87
170 96.87
170 96.87
171 97.74
171 97.74
171 97.74
171 97.74
171 97.74
172 96.46
172 96.46
172 96.46
172 96.46
172 96.46
172 96.46
172 96.46
172 96.46
172 96.46
173 97.43
173 97.43
173 97.43
173 97.43
173 97.43
173 97.43
173 97.43
173 97.43
173 97.43
173 97.43
173 97.43
173 97.43
174 98.10
174 98.10
174 98.10
174 98.10
174 98.10
174 98.10
174 98.10
175 98.77
175 98.77
175 98.77
175 98.77
175 98.77
175 98.77
175 98.77
176 98.77
176 98.77
176 98.77
176 98.77
177 98.90
177 98.90
177 98.90
177 98.90
177 98.90
177 98.90
177 98.90
177 98.90
178 98.76
178 98.76
178 98.76
178 98.76
178 98.76
178 98.76
178 98.76
178 98.76
178 98.76
179 98.86
179 98.86
179 98.86
179 98.86
179 98.86
179 98.86
179 98.86
180 98.49
180 98.49
180 98.49
180 98.49
181 98.60
181 98.60
181 98.60
181 98.60
181 98.60
181 98.60
181 98.60
182 98.61
182 98.61
182 98.61
182 98.61
182 98.61
182 98.61
182 98.61
182 98.61
182 98.61
183 98.47
183 98.47
183 98.47
183 98.47
183 98.47
183 98.47
183 98.47
184 97.99
184 97.99
184 97.99
184 97.99
184 97.99
184 97.99
184 97.99
184 97.99
184 97.99
185 98.15
185 98.15
185 98.15
185 98.15
186 98.49
186 98.49
186 98.49
186 98.49
186 98.49
186 98.49
186 98.49
187 98.26
187 98.26
187 98.26
187 98.26
187 98.26
187 98.26
187 98.26
187 98.26
188 98.67
188 98.67
188 98.67
188 98.67
188 98.67
188 98.67
188 98.67
188 98.67
188 98.67
188 98.67
188 98.67
189 98.45
189 98.45
189 98.45
189 98.45
189 98.45
190 98.31
190 98.31
190 98.31
190 98.31
190 98.31
190 98.31
190 98.31
190 98.31
191 98.49
191 98.49
191 98.49
191 98.49
191 98.49
191 98.49
191 98.49
191 98.49
192 98.69
192 98.69
192 98.69
192 98.69
192 98.69
192 98.69
192 98.69
192 98.69
193 98.57
193 98.57
193 98.57
193 98.57
193 98.57
193 98.57
193 98.57
193 98.57
194 98.74
194 98.74
194 98.74
194 98.74
194 98.74
194 98.74
194 98.74
194 98.74
194 98.74
195 98.82
195 98.82
195 98.82
195 98.82
195 98.82
195 98.82
195 98.82
195 98.82
196 98.64
196 98.64
196 98.64
196 98.64
196 98.64
196 98.64
196 98.64
196 98.64
196 98.64
196 98.64
196 98.64
197 98.74
197 98.74
197 98.74
197 98.74
197 98.74
197 98.74
197 98.74
197 98.74
197 98.74
198 98.89
198 98.89
198 98.89
198 98.89
198 98.89
198 98.89
198 98.89
198 98.89
199 98.86
199 98.86
199 98.86
199 98.86
199 98.86
199 98.86
199 98.86
199 98.86
200 98.78
200 98.78
200 98.78
200 98.78
200 98.78
200 98.78
200 98.78
200 98.78
200 98.78
201 98.79
201 98.79
201 98.79
201 98.79
201 98.79
201 98.79
201 98.79
201 98.79
201 98.79
201 98.79
202 98.86
202 98.86
202 98.86
202 98.86
202 98.86
203 98.85
203 98.85
203 98.85
203 98.85
203 98.85
203 98.85
203 98.85
203 98.85
204 98.53
204 98.53
204 98.53
204 98.53
204 98.53
204 98.53
204 98.53
204 98.53
205 98.46
205 98.46
205 98.46
205 98.46
205 98.46
205 98.46
205 98.46
205 98.46
205 98.46
205 98.46
205 98.46
206 98.33
206 98.33
206 98.33
206 98.33
206 98.33
206 98.33
206 98.33
206 98.33
207 97.38
207 97.38
207 97.38
207 97.38
207 97.38
207 97.38
207 97.38
207 97.38
207 97.38
207 97.38
208 96.61
208 96.61
208 96.61
208 96.61
208 96.61
208 96.61
208 96.61
208 96.61
208 96.61
208 96.61
209 96.65
209 96.65
209 96.65
209 96.65
209 96.65
209 96.65
209 96.65
209 96.65
209 96.65
209 96.65
209 96.65
210 95.80
210 95.80
210 95.80
210 95.80
210 95.80
210 95.80
210 95.80
210 95.80
211 94.45
211 94.45
211 94.45
211 94.45
211 94.45
211 94.45
211 94.45
211 94.45
211 94.45
212 92.10
212 92.10
212 92.10
212 92.10
213 94.53
213 94.53
213 94.53
213 94.53
213 94.53
213 94.53
213 94.53
213 94.53
213 94.53
214 94.01
214 94.01
214 94.01
214 94.01
214 94.01
214 94.01
214 94.01
214 94.01
214 94.01
215 96.54
215 96.54
215 96.54
215 96.54
215 96.54
215 96.54
215 96.54
215 96.54
215 96.54
215 96.54
215 96.54
216 96.36
216 96.36
216 96.36
216 96.36
216 96.36
216 96.36
216 96.36
217 97.54
217 97.54
217 97.54
217 97.54
217 97.54
217 97.54
217 97.54
218 97.61
218 97.61
218 97.61
218 97.61
218 97.61
218 97.61
219 98.24
219 98.24
219 98.24
219 98.24
219 98.24
220 98.38
220 98.38
220 98.38
220 98.38
220 98.38
220 98.38
220 98.38
220 98.38
221 98.57
221 98.57
221 98.57
221 98.57
221 98.57
221 98.57
221 98.57
221 98.57
221 98.57
222 98.75
222 98.75
222 98.75
222 98.75
222 98.75
222 98.75
222 98.75
223 98.81
223 98.81
223 98.81
223 98.81
223 98.81
223 98.81
223 98.81
223 98.81
223 98.81
223 98.81
223 98.81
223 98.81
224 98.61
224 98.61
224 98.61
224 98.61
224 98.61
224 98.61
224 98.61
224 98.61
224 98.61
225 98.17
225 98.17
225 98.17
225 98.17
225 98.17
225 98.17
225 98.17
225 98.17
226 96.75
226 96.75
226 96.75
226 96.75
226 96.75
226 96.75
226 96.75
226 96.75
227 95.97
227 95.97
227 95.97
227 95.97
227 95.97
227 95.97
227 95.97
227 95.97
227 95.97
228 96.70
228 96.70
228 96.70
228 96.70
228 96.70
228 96.70
228 96.70
228 96.70
228 96.70
229 98.00
229 98.00
229 98.00
229 98.00
229 98.00
229 98.00
229 98.00
230 97.96
230 97.96
230 97.96
230 97.96
230 97.96
230 97.96
230 97.96
230 97.96
231 98.29
231 98.29
231 98.29
231 98.29
231 98.29
231 98.29
231 98.29
231 98.29
231 98.29
231 98.29
231 98.29
231 98.29
232 98.06
232 98.06
232 98.06
232 98.06
232 98.06
232 98.06
232 98.06
233 96.94
233 96.94
233 96.94
233 96.94
233 96.94
233 96.94
233 96.94
233 96.94
233 96.94
233 96.94
233 96.94
234 95.58
234 95.58
234 95.58
234 95.58
234 95.58
234 95.58
234 95.58
234 95.58
235 95.69
235 95.69
235 95.69
235 95.69
235 95.69
235 95.69
235 95.69
235 95.69
235 95.69
236 96.29
236 96.29
236 96.29
236 96.29
236 96.29
236 96.29
236 96.29
236 96.29
237 95.31
237 95.31
237 95.31
237 95.31
238 96.15
238 96.15
238 96.15
238 96.15
238 96.15
238 96.15
238 96.15
238 96.15
238 96.15
239 97.52
239 97.52
239 97.52
239 97.52
239 97.52
239 97.52
239 97.52
239 97.52
240 97.57
240 97.57
240 97.57
240 97.57
240 97.57
241 98.39
241 98.39
241 98.39
241 98.39
241 98.39
242 98.34
242 98.34
242 98.34
242 98.34
242 98.34
242 98.34
242 98.34
242 98.34
243 98.76
243 98.76
243 98.76
243 98.76
243 98.76
243 98.76
243 98.76
243 98.76
244 98.79
244 98.79
244 98.79
244 98.79
244 98.79
244 98.79
244 98.79
244 98.79
244 98.79
244 98.79
245 98.30
245 98.30
245 98.30
245 98.30
245 98.30
245 98.30
245 98.30
246 98.56
246 98.56
246 98.56
246 98.56
246 98.56
246 98.56
246 98.56
246 98.56
247 98.74
247 98.74
247 98.74
247 98.74
247 98.74
247 98.74
247 98.74
247 98.74
248 98.61
248 98.61
248 98.61
248 98.61
248 98.61
248 98.61
248 98.61
248 98.61
248 98.61
249 98.57
249 98.57
249 98.57
249 98.57
249 98.57
249 98.57
249 98.57
249 98.57
250 98.53
250 98.53
250 98.53
250 98.53
250 98.53
250 98.53
250 98.53
250 98.53
250 98.53
251 98.78
251 98.78
251 98.78
251 98.78
251 98.78
251 98.78
251 98.78
251 98.78
252 98.63
252 98.63
252 98.63
252 98.63
252 98.63
252 98.63
252 98.63
252 98.63
252 98.63
252 98.63
252 98.63
252 98.63
252 98.63
252 98.63
253 98.46
253 98.46
253 98.46
253 98.46
253 98.46
253 98.46
253 98.46
253 98.46
253 98.46
254 98.50
254 98.50
254 98.50
254 98.50
254 98.50
254 98.50
254 98.50
255 98.62
255 98.62
255 98.62
255 98.62
255 98.62
255 98.62
255 98.62
255 98.62
256 98.53
256 98.53
256 98.53
256 98.53
256 98.53
256 98.53
256 98.53
256 98.53
256 98.53
256 98.53
257 98.41
257 98.41
257 98.41
257 98.41
257 98.41
257 98.41
257 98.41
258 98.13
258 98.13
258 98.13
258 98.13
259 98.66
259 98.66
259 98.66
259 98.66
259 98.66
259 98.66
259 98.66
259 98.66
260 98.56
260 98.56
260 98.56
260 98.56
260 98.56
260 98.56
260 98.56
261 98.51
261 98.51
261 98.51
261 98.51
261 98.51
261 98.51
261 98.51
261 98.51
262 98.85
262 98.85
262 98.85
262 98.85
262 98.85
262 98.85
262 98.85
262 98.85
262 98.85
262 98.85
262 98.85
263 98.76
263 98.76
263 98.76
263 98.76
263 98.76
263 98.76
263 98.76
263 98.76
264 98.33
264 98.33
264 98.33
264 98.33
264 98.33
264 98.33
264 98.33
265 95.33
265 95.33
265 95.33
265 95.33
265 95.33
265 95.33
265 95.33
265 95.33
266 95.69
266 95.69
266 95.69
266 95.69
266 95.69
266 95.69
266 95.69
266 95.69
267 96.53
267 96.53
267 96.53
267 96.53
268 98.09
268 98.09
268 98.09
268 98.09
268 98.09
268 98.09
268 98.09
268 98.09
268 98.09
269 98.60
269 98.60
269 98.60
269 98.60
269 98.60
269 98.60
269 98.60
270 98.43
270 98.43
270 98.43
270 98.43
270 98.43
270 98.43
270 98.43
270 98.43
271 98.20
271 98.20
271 98.20
271 98.20
271 98.20
271 98.20
271 98.20
272 98.03
272 98.03
272 98.03
272 98.03
272 98.03
272 98.03
272 98.03
272 98.03
273 93.82
273 93.82
273 93.82
273 93.82
274 93.38
274 93.38
274 93.38
274 93.38
275 92.82
275 92.82
275 92.82
275 92.82
275 92.82
275 92.82
275 92.82
275 92.82
276 95.54
276 95.54
276 95.54
276 95.54
276 95.54
276 95.54
277 98.26
277 98.26
277 98.26
277 98.26
277 98.26
277 98.26
277 98.26
278 98.64
278 98.64
278 98.64
278 98.64
278 98.64
278 98.64
278 98.64
279 98.81
279 98.81
279 98.81
279 98.81
279 98.81
279 98.81
279 98.81
279 98.81
279 98.81
279 98.81
279 98.81
279 98.81
280 98.73
280 98.73
280 98.73
280 98.73
280 98.73
280 98.73
280 98.73
281 98.77
281 98.77
281 98.77
281 98.77
281 98.77
281 98.77
281 98.77
282 98.66
282 98.66
282 98.66
282 98.66
282 98.66
282 98.66
282 98.66
282 98.66
282 98.66
282 98.66
282 98.66
283 98.87
283 98.87
283 98.87
283 98.87
283 98.87
283 98.87
283 98.87
284 98.39
284 98.39
284 98.39
284 98.39
284 98.39
284 98.39
284 98.39
284 98.39
285 98.39
285 98.39
285 98.39
285 98.39
285 98.39
285 98.39
285 98.39
285 98.39
285 98.39
286 97.89
286 97.89
286 97.89
286 97.89
286 97.89
287 96.80
287 96.80
287 96.80
287 96.80
287 96.80
288 97.44
288 97.44
288 97.44
288 97.44
288 97.44
288 97.44
288 97.44
288 97.44
288 97.44
288 97.44
288 97.44
288 97.44
289 97.14
289 97.14
289 97.14
289 97.14
289 97.14
289 97.14
289 97.14
289 97.14
289 97.14
289 97.14
289 97.14
289 97.14
290 94.58
290 94.58
290 94.58
290 94.58
290 94.58
290 94.58
290 94.58
290 94.58
290 94.58
291 93.19
291 93.19
291 93.19
291 93.19
291 93.19
291 93.19
291 93.19
291 93.19
291 93.19
292 96.34
292 96.34
292 96.34
292 96.34
292 96.34
292 96.34
292 96.34
292 96.34
292 96.34
293 96.97
293 96.97
293 96.97
293 96.97
293 96.97
293 96.97
293 96.97
293 96.97
293 96.97
294 98.53
294 98.53
294 98.53
294 98.53
294 98.53
295 98.68
295 98.68
295 98.68
295 98.68
295 98.68
295 98.68
295 98.68
295 98.68
295 98.68
295 98.68
295 98.68
296 98.41
296 98.41
296 98.41
296 98.41
296 98.41
297 98.33
297 98.33
297 98.33
297 98.33
297 98.33
297 98.33
297 98.33
297 98.33
297 98.33
298 98.73
298 98.73
298 98.73
298 98.73
298 98.73
298 98.73
298 98.73
299 98.36
299 98.36
299 98.36
299 98.36
299 98.36
299 98.36
299 98.36
300 98.42
300 98.42
300 98.42
300 98.42
300 98.42
300 98.42
300 98.42
300 98.42
300 98.42
301 98.14
301 98.14
301 98.14
301 98.14
301 98.14
301 98.14
301 98.14
301 98.14
302 98.68
302 98.68
302 98.68
302 98.68
302 98.68
302 98.68
302 98.68
303 98.61
303 98.61
303 98.61
303 98.61
303 98.61
303 98.61
303 98.61
303 98.61
304 98.03
304 98.03
304 98.03
304 98.03
304 98.03
304 98.03
304 98.03
304 98.03
305 97.28
305 97.28
305 97.28
305 97.28
305 97.28
306 95.47
306 95.47
306 95.47
306 95.47
306 95.47
306 95.47
306 95.47
306 95.47
306 95.47
307 95.04
307 95.04
307 95.04
307 95.04
307 95.04
307 95.04
308 95.37
308 95.37
308 95.37
308 95.37
308 95.37
308 95.37
308 95.37
308 95.37
309 93.05
309 93.05
309 93.05
309 93.05
309 93.05
309 93.05
309 93.05
309 93.05
309 93.05
309 93.05
309 93.05
310 91.19
310 91.19
310 91.19
310 91.19
310 91.19
310 91.19
311 85.90
311 85.90
311 85.90
311 85.90
311 85.90
311 85.90
312 78.80
312 78.80
312 78.80
312 78.80
312 78.80
312 78.80
312 78.80
312 78.80
313 58.88
313 58.88
313 58.88
313 58.88
313 58.88
313 58.88
313 58.88
313 58.88
313 58.88
313 58.88
313 58.88
